1652728187337 nan 0
1652728187507 558464027.6331713 0
1652728187654 557910781.085835 0
1652728187800 nan 0
1652728187948 nan 0
1652728188112 753015970.9837121 0
1652728188250 nan 0
1652728188389 nan 0
1652728188537 490273294.48690856 0
1652728188679 nan 0
1652728188816 nan 0
1652728189016 486682804.5940248 0
1652728189204 507941115.62334764 0
1652728189346 nan 0
1652728189480 nan 0
1652728189645 686984016.2770753 0
1652728189784 nan 0
1652728189929 nan 0
1652728190102 524469653.243358 0
1652728190266 735224556.4453801 0
